| Fold      | aire     | claxon  | disparo | martillo | motor    | música   | niños    | perforando | perro    | sirena  | TOTAL    |
| --------- | -------- | ------- | ------- | -------- | -------- | -------- | -------- | ---------- | -------- | ------- | -------- |
| fold1     | 100      | 36      | 35      | 120      | 96       | 100      | 100      | 100        | 100      | 86      | 873      |
| fold2     | 100      | 42      | 35      | 120      | 100      | 100      | 100      | 100        | 100      | 91      | 888      |
| fold3     | 100      | 43      | 36      | 120      | 107      | 100      | 100      | 100        | 100      | 119     | 925      |
| fold4     | 100      | 59      | 38      | 120      | 107      | 100      | 100      | 100        | 100      | 166     | 990      |
| fold5     | 100      | 98      | 40      | 120      | 107      | 100      | 100      | 100        | 100      | 71      | 936      |
| fold6     | 100      | 28      | 46      | 68       | 107      | 100      | 100      | 100        | 100      | 74      | 823      |
| fold7     | 100      | 28      | 51      | 76       | 106      | 100      | 100      | 100        | 100      | 77      | 838      |
| fold8     | 100      | 30      | 30      | 78       | 88       | 100      | 100      | 100        | 100      | 80      | 806      |
| fold9     | 100      | 32      | 31      | 82       | 89       | 100      | 100      | 100        | 100      | 82      | 816      |
| fold10    | 100      | 33      | 32      | 96       | 93       | 100      | 100      | 100        | 100      | 83      | 837      |
| TOTAL     | 1000     | 429     | 374     | 1000     | 1000     | 1000     | 1000     | 1000       | 1000     | 929     | 8732     |
 